1100
23
1651.023, -1225.428, 1679.819, 0.002,-0.707,0.014,-0.707,0.587,0.452,0.000,0
1661.532, -770.341,  1687.974, 0.002,-0.708,0.012,-0.706,0.593,0.452,0.000,0
1679.776, -242.519,  1698.747, 0.007,0.706,-0.025,0.708,0.468,0.574,0.000,0
1693.925, 343.378,   1703.957, 0.002,0.710,-0.013,0.704,0.458,0.582,0.000,0
1705.222, 945.595,   1700.461, 0.009,0.707,-0.013,0.707,0.466,0.571,0.000,0

1646.814, -1218.390, 1111.133, -0.007,-0.709,0.013,-0.705,0.584,0.453,0.000,0
1661.488, -756.922,  1107.788, 0.000,-0.707,0.013,-0.707,0.584,0.443,0.000,0
1678.311, -226.383,  1243.922, 0.009,0.710,-0.025,0.704,0.461,0.571,0.000,0
1692.944, 363.561,   1249.600, 0.003,0.709,-0.010,0.705,0.452,0.566,0.000,0
1705.293, 945.623,   1251.204, 0.011,0.707,-0.007,0.707,0.449,0.564,0.000,0

1676.569, -231.264,  793.790,  0.011,0.708,-0.020,0.706,0.449,0.571,0.000,0
1688.333, 365.990,   794.268,  0.003,0.710,-0.011,0.704,0.447,0.568,0.000,0
1703.654, 953.336,   794.621,  0.002,0.710,-0.019,0.704,0.448,0.581,0.000,0

1645.403, -1219.304, 532.475,  -0.003,-0.712,0.021,-0.702,0.581,0.450,0.000,0
1658.889, -763.777,  533.087,  -0.003,-0.710,0.014,-0.704,0.570,0.448,0.000,0
1674.555, -226.540,  342.350,  0.013,0.715,-0.018,0.699,0.439,0.571,0.000,0
1689.276, 364.966,   339.986,  -0.002,0.712,-0.017,0.702,0.435,0.560,0.000,0
1703.129, 947.413,   337.485,  0.011,0.709,-0.010,0.705,0.439,0.555,0.000,0

1631.870, -1197.785, -41.342,  -0.000,-0.714,0.024,-0.700,0.571,0.448,0.000,0
1652.120, -746.300,  -49.562,  -0.009,-0.714,0.014,-0.700,0.568,0.432,0.000,0
1667.359, -227.735,  -113.455, 0.020,0.713,-0.008,0.701,0.433,0.575,0.000,0
1685.466, 363.559,   -121.371, 0.011,0.708,-0.003,0.706,0.430,0.565,0.000,0
1694.858, 951.650,   -121.415, 0.007,0.708,-0.005,0.706,0.425,0.567,0.000,0

Loaded box 0
Box 0 position: { "x": 1.6510229, "y": -1.225428, "z": 1.679819 }
Box 0 rotation: { "x": 0.002000102, "y": -0.7070361, "z": 0.014000715, "w": -0.7070361 }
Box 0 size: { "x": 0.587, "y": 0.452, "z": 0.2 }
Box 0 basis: [X: (-3.8409235E-05, -0.010227093, -0.58684975), Y: (0.0033939467, 0.45181915, -0.013281644), Z: (0.19997121, -0.007670319, 0.000112696114)]
grabTcpBasis: [X: (0.99985605, -0.016969733, 0.00019198656), Y: (0.016969731, 0.9996, -0.022626312), Z: (0.0001920527, 0.022626312, 0.99974406)]
grabTcpPos: (1.6510229, -1.2275662, 1.6798562)

boxRotBasis: [X: (-0.00019204617, -0.02262631, -0.999744), Y: (0.016969733, 0.99959993, -0.02262631), Z: (0.99985605, -0.016969733, 0.00019198656)]

[Export] public Vector3 PlacePosition { get; set; } = new(-1.0f, -1.0f, 0.0f);
[Export] public Vector3 PlaceRotationEulerDeg { get; set; } = new(90, 90, 0);

Grab path for box 0:
BoxCenter:   pos=(1.251,-1.229,1.680), basis=((-0.000,-0.023,-1.000),(0.017,1.000,-0.023),(1.000,-0.017,0.000))
GrabSurface: pos=(1.001,-1.225,1.680), basis=((1.000,-0.017,0.000),(0.017,1.000,-0.023),(0.000,0.023,1.000))
Approach:    pos=(0.701,-1.220,1.680), basis=((1.000,-0.017,0.000),(0.017,1.000,-0.023),(0.000,0.023,1.000))
Lift:        pos=(0.701,-1.225,1.680), basis=((1.000,-0.017,0.000),(0.017,1.000,-0.023),(0.000,0.023,1.000))
Place:       pos=(-1.000,-0.850,-0.000), basis=((0.000,-1.000,0.000),(1.000,0.000,0.000),(0.000,0.000,1.000))

[GrabWorkflow] Basis.Identity: [X: (1, 0, 0), Y: (0, 1, 0), Z: (0, 0, 1)]
[Compute] tcp basis: [X: (0, 1, 0), Y: (0, 0, 1), Z: (1, 0, 0)]
[Compute] tcp pos: (-1, -1, 0)
[Compute] placeEeBasis: [X: (1, -4.371139E-08, 0), Y: (0, 0, 1), Z: (-4.371139E-08, -1, 0)]
[Compute] placeEePos: (-1.15, -1, 0)

Grab path for box 1:
BoxCenter:   pos=(1.262,-0.774,1.687), basis=((-0.003,-0.020,-1.000),(0.014,1.000,-0.020),(1.000,-0.014,-0.003))
GrabSurface: pos=(1.012,-0.770,1.688), basis=((1.000,-0.014,-0.003),(0.014,1.000,-0.020),(0.003,0.020,1.000))
Approach:    pos=(0.712,-0.766,1.689), basis=((1.000,-0.014,-0.003),(0.014,1.000,-0.020),(0.003,0.020,1.000))
Lift:        pos=(0.712,-0.770,1.688), basis=((1.000,-0.014,-0.003),(0.014,1.000,-0.020),(0.003,0.020,1.000))
Place:       pos=(-1.000,-0.850,-0.000), basis=((0.000,-1.000,0.000),(1.000,0.000,0.000),(0.000,0.000,1.000))


